$ANSIBLE_VAULT;1.1;AES256
39643635383536366335303461316233653563626330343365613163393431383138663464323033
3766663432313734613631636262666230366262356433650a643130363135636334333136353264
37363937376431393033623638383434613238656164666239393830396531363030393430366437
3462633435613461310a646433346234623261633637653165623835333030333061613936303035
30633431373432306332623662393063326238616233653465643562333430663336303666326536
66396331386262356565316139313532636631393239376364363339663437346565393337613464
65386138663638303932653935353435643235646130393534373664356137386466366131353334
30633937323933393131383238303965636234363462313137393733363463643730373834613164
38663636303436383030313562393166316336313765366639366237336432623632626231386135
64313963636535653566646464323762316337626261613264613134633133326262356663303961
39303038636531633039363139623131323832663632663038346638333064333163636364616664
32643263663433646532353737386232373964383566633362386165356532626433326465353134
32383131636637323961356437366635326262376234663630363439663536346664646534353565
32346434323033303538323164623739383739616133396339373133326137366236626238616266
66666433643738313563313933346636396635383439636135613031343432626366613064666365
39326139326637333237363930333266393430313663633463373263333232636432636135393830
38663434393766623134633333343931333338323563396663396339653465393832
