$ANSIBLE_VAULT;1.1;AES256
34663162363964333436306335663865653765633137336539306434643638353033373938643932
3634386630353534356634663135663638363630396436360a346337613933333834656461353933
30356463306464353338316339383034653863313031386538653034383730653237376461376536
3835343331383431300a343666636339313037653363336530366339636664353666373864333462
38623239343666323837653661343336303938316430336164636364643662333737306166656362
61623465356364373437646134666561323531623532623332656266656334383165306366343661
33323165613764666535343564396363323862326532643837363434346461323938343064666434
34633733373235333538353530303137326337383832343033376431306464343332643633656136
34373062633635363166613064643135363463633535623737393439613631616532616335633730
61653663313162613165313737366166663836666332656635393030656364363239393738623966
62616537376639336339366331326561366166386338383034623438636663366436633337383366
32633861393533346637386263343332613530393961326533633130633835313639373162326230
36333632626132666631623766353063616661326538313030333036663463663335666637356232
31626466633061366538303365383334333362663262373862656562616137623839363232613162
38363332666361643331663839313533636236653239616164306633343061396438613263353538
32303634346263333063313833383565653739313137666336646562353937653031323466643632
30313438313263396263366632316434383564336531663734636566653230613439623466323633
6131333663646236656230613630366339316339303032663334
